3 1
2 2
6 3
7 4
14 5
1 6
16 7
13 8
21 9
5 10
25 11
18 12
29 13
10 14
11 15
12 16
4 17
9 18
15 19
8 20
23 21
35 22
33 23
22 24
28 25
38 26
43 27
20 28
30 29
27 30
19 31
24 32
34 33
37 34
36 35
17 36
45 37
56 38
44 39
39 40
32 41
49 42
42 43
40 44
60 45
51 46
41 47
46 48
48 49
52 50
55 51
62 52
63 53
61 54
73 55
53 56
87 57
54 58
68 59
89 60
47 61
59 62
66 63
71 64
72 65
50 66
80 67
57 68
75 69
78 70
84 71
88 72
76 73
100 74
110 75
94 76
65 77
82 78
79 79
99 80
83 81
67 82
70 83
74 84
81 85
85 86
103 87
90 88
91 89
98 90
86 91
95 92
26 93
101 94
119 95
107 96
106 97
92 98
96 99
77 100
114 101
104 102
142 103
105 104
31 105
112 106
153 107
121 108
118 109
122 110
128 111
137 112
115 113
117 114
125 115
139 116
108 117
140 118
127 119
167 120
183 121
143 122
145 123
129 124
109 125
93 126
111 127
58 128
124 129
146 130
97 131
196 132
219 133
64 134
126 135
224 136
148 137
251 138
151 139
154 140
157 141
135 142
150 143
158 144
138 145
255 146
163 147
123 148
141 149
116 150
132 151
159 152
133 153
164 154
147 155
155 156
130 157
168 158
174 159
160 160
169 161
120 162
131 163
178 164
69 165
161 166
149 167
134 168
179 169
136 170
171 171
170 172
172 173
173 174
189 175
180 176
264 177
144 178
290 179
182 180
162 181
184 182
165 183
301 184
187 185
188 186
190 187
152 188
177 189
191 190
195 191
166 192
176 193
193 194
197 195
185 196
102 197
113 198
156 199
200 200
201 201
181 202
186 203
204 204
202 205
213 206
203 207
198 208
205 209
175 210
194 211
211 212
218 213
227 214
199 215
206 216
192 217
220 218
305 219
215 220
216 221
309 222
208 223
225 224
231 225
243 226
245 227
353 228
210 229
212 230
228 231
214 232
356 233
207 234
234 235
261 236
358 237
235 238
229 239
222 240
223 241
230 242
263 243
240 244
365 245
232 246
242 247
241 248
221 249
246 250
254 251
266 252
244 253
248 254
209 255
217 256
253 257
259 258
256 259
258 260
226 261
267 262
270 263
269 264
278 265
272 266
375 267
233 268
265 269
279 270
280 271
236 272
392 273
274 274
281 275
238 276
302 277
404 278
252 279
271 280
237 281
275 282
239 283
260 284
409 285
291 286
289 287
247 288
276 289
277 290
262 291
282 292
295 293
297 294
298 295
296 296
249 297
285 298
283 299
257 300
287 301
288 302
410 303
299 304
419 305
250 306
268 307
286 308
284 309
273 310
300 311
292 312
311 313
313 314
316 315
293 316
294 317
303 318
307 319
315 320
322 321
314 322
304 323
320 324
328 325
332 326
312 327
342 328
327 329
308 330
329 331
420 332
310 333
317 334
306 335
321 336
348 337
318 338
355 339
323 340
430 341
319 342
324 343
433 344
337 345
325 346
330 347
331 348
340 349
333 350
335 351
336 352
341 353
334 354
350 355
326 356
385 357
344 358
388 359
338 360
446 361
349 362
512 363
346 364
357 365
351 366
343 367
345 368
352 369
360 370
359 371
363 372
362 373
389 374
364 375
377 376
369 377
370 378
347 379
372 380
515 381
374 382
379 383
368 384
361 385
417 386
383 387
394 388
371 389
520 390
366 391
436 392
386 393
384 394
528 395
376 396
391 397
393 398
396 399
382 400
373 401
401 402
390 403
399 404
397 405
405 406
402 407
440 408
406 409
400 410
403 411
407 412
381 413
408 414
339 415
387 416
412 417
413 418
431 419
442 420
354 421
416 422
367 423
395 424
421 425
398 426
426 427
541 428
423 429
415 430
427 431
414 432
437 433
378 434
422 435
429 436
439 437
441 438
443 439
444 440
445 441
564 442
424 443
448 444
380 445
566 446
447 447
435 448
573 449
584 450
425 451
451 452
411 453
453 454
455 455
454 456
450 457
452 458
457 459
465 460
418 461
428 462
467 463
468 464
471 465
477 466
449 467
458 468
464 469
463 470
472 471
434 472
456 473
482 474
474 475
627 476
633 477
466 478
432 479
485 480
462 481
475 482
487 483
476 484
459 485
478 486
469 487
438 488
461 489
488 490
489 491
470 492
653 493
479 494
494 495
498 496
499 497
480 498
460 499
490 500
491 501
495 502
501 503
502 504
503 505
504 506
473 507
509 508
514 509
484 510
492 511
493 512
496 513
510 514
497 515
481 516
513 517
516 518
483 519
523 520
521 521
671 522
505 523
511 524
522 525
486 526
506 527
500 528
524 529
530 530
525 531
519 532
539 533
542 534
534 535
544 536
526 537
518 538
676 539
507 540
536 541
545 542
550 543
527 544
702 545
540 546
552 547
553 548
558 549
535 550
555 551
563 552
704 553
532 554
546 555
551 556
567 557
533 558
508 559
571 560
715 561
517 562
570 563
538 564
556 565
561 566
543 567
572 568
537 569
574 570
575 571
568 572
718 573
583 574
576 575
577 576
578 577
557 578
547 579
529 580
580 581
595 582
585 583
549 584
548 585
554 586
582 587
531 588
559 589
562 590
569 591
593 592
579 593
586 594
596 595
601 596
588 597
565 598
724 599
604 600
581 601
589 602
587 603
590 604
755 605
597 606
591 607
598 608
602 609
606 610
594 611
610 612
599 613
600 614
607 615
613 616
616 617
617 618
758 619
618 620
620 621
763 622
770 623
622 624
623 625
605 626
624 627
614 628
560 629
779 630
802 631
619 632
608 633
612 634
812 635
628 636
603 637
609 638
635 639
621 640
615 641
636 642
625 643
631 644
637 645
821 646
630 647
629 648
626 649
640 650
643 651
646 652
662 653
611 654
634 655
663 656
666 657
828 658
641 659
673 660
632 661
639 662
638 663
592 664
830 665
675 666
647 667
677 668
649 669
650 670
655 671
659 672
679 673
680 674
642 675
644 676
645 677
664 678
667 679
651 680
669 681
682 682
648 683
652 684
656 685
657 686
834 687
678 688
845 689
848 690
683 691
660 692
668 693
661 694
685 695
688 696
856 697
684 698
689 699
687 700
665 701
694 702
654 703
670 704
693 705
690 706
691 707
692 708
697 709
696 710
698 711
700 712
701 713
695 714
658 715
674 716
712 717
705 718
863 719
706 720
707 721
713 722
714 723
716 724
681 725
878 726
709 727
686 728
710 729
882 730
733 731
672 732
708 733
699 734
719 735
725 736
720 737
711 738
723 739
703 740
721 741
729 742
722 743
717 744
726 745
727 746
734 747
732 748
728 749
731 750
740 751
741 752
735 753
743 754
736 755
744 756
751 757
737 758
745 759
730 760
742 761
746 762
753 763
747 764
739 765
761 766
764 767
738 768
776 769
757 770
885 771
748 772
766 773
749 774
754 775
750 776
752 777
768 778
756 779
886 780
772 781
769 782
760 783
762 784
765 785
773 786
759 787
778 788
777 789
774 790
785 791
782 792
907 793
791 794
911 795
918 796
783 797
767 798
781 799
790 800
784 801
786 802
793 803
771 804
788 805
775 806
789 807
804 808
796 809
787 810
792 811
929 812
811 813
817 814
794 815
803 816
798 817
800 818
795 819
807 820
797 821
808 822
813 823
805 824
815 825
827 826
934 827
810 828
806 829
814 830
824 831
823 832
835 833
826 834
780 835
799 836
801 837
818 838
831 839
809 840
819 841
838 842
822 843
847 844
820 845
861 846
836 847
839 848
935 849
840 850
816 851
851 852
833 853
841 854
832 855
843 856
852 857
857 858
942 859
859 860
864 861
837 862
862 863
825 864
865 865
866 866
844 867
867 868
870 869
876 870
873 871
879 872
953 873
869 874
846 875
880 876
889 877
883 878
893 879
884 880
829 881
887 882
888 883
881 884
854 885
890 886
894 887
850 888
892 889
895 890
849 891
871 892
896 893
853 894
900 895
969 896
905 897
875 898
897 899
902 900
858 901
908 902
909 903
891 904
906 905
903 906
842 907
901 908
973 909
913 910
868 911
985 912
917 913
914 914
928 915
921 916
904 917
926 918
912 919
899 920
915 921
855 922
860 923
922 924
916 925
931 926
923 927
930 928
920 929
937 930
924 931
938 932
940 934
872 935
898 936
910 937
919 938
933 939
941 940
927 941
932 942
936 943
943 944
948 945
939 946
944 947
946 948
947 949
949 950
960 951
955 952
959 953
874 954
952 955
961 956
951 957
963 958
964 959
950 960
925 961
877 962
971 963
970 964
957 965
972 966
945 967
975 968
966 969
974 970
977 971
979 972
982 973
983 974
984 975
956 976
954 977
965 978
968 979
958 980
986 981
988 982
995 983
989 984
962 985
992 986
980 987
987 988
998 989
991 992
993 993
997 996
1000 998
999 999